109,200,1,0,0
109,54,2,0,0
109,182,3,0,0
109,166,4,0,0
109,167,5,0,0
109,168,6,0,0
109,169,7,0,0
109,170,8,0,0
109,171,9,0,0
109,172,10,0,0
109,173,11,0,0
109,174,12,0,0
109,175,13,0,0
109,176,14,0,0
109,164,15,0,0
109,82,16,0,0
109,73,17,0,0
109,86,18,0,0
109,148,19,0,0
109,81,20,0,0
109,150,21,0,0
109,151,22,0,0
109,152,23,0,0
109,177,24,0,0
109,178,25,0,0
109,179,26,0,0
209,201,1,0,0
209,1,2,0,0
209,2,3,0,0
209,20,4,0,0
209,3,5,0,0
209,130,6,0,0
209,4,7,0,0
209,131,8,0,0
209,5,9,0,0
209,132,10,0,0
209,133,11,0,0
209,156,12,0,0
209,155,13,0,0
209,154,14,0,0
209,10,15,0,0
209,11,16,0,0
209,12,17,0,0
209,13,18,0,0
209,187,19,0,0
209,14,20,0,0
209,165,21,0,0
209,15,22,0,0
209,16,23,0,0
209,17,24,0,0
209,18,25,0,0
209,19,26,1,1
309,200,1,0,0
309,134,2,0,0
309,3,3,0,0
309,153,4,0,0
309,130,5,0,0
309,4,6,0,0
309,131,7,0,0
309,124,8,0,0
309,47,9,0,0
309,48,10,0,0
309,53,11,0,0
309,55,12,0,0
309,135,13,0,0
309,6,14,0,0
309,7,15,0,0
309,8,16,0,0
309,9,17,0,0
309,10,18,0,0
309,136,19,0,0
309,56,20,0,0
309,137,21,0,0
309,57,22,0,0
309,138,23,0,0
309,52,24,0,0
309,121,25,1,1
409,200,1,0,0
409,54,2,0,0
409,88,3,0,0
409,89,4,0,0
409,144,5,0,0
409,92,6,0,0
409,122,7,0,0
409,104,8,0,0
409,101,9,0,0
409,102,10,0,0
409,100,11,0,0
409,99,12,0,0
409,98,13,0,0
409,94,14,0,0
409,119,15,0,0
409,118,16,0,0
409,117,17,0,0
409,116,18,0,0
409,115,19,0,0
409,114,20,0,0
409,113,21,0,0
409,112,22,0,0
409,111,23,0,0
409,110,24,0,0
409,109,25,0,0
409,108,26,0,0
409,105,27,0,0
409,106,28,0,0
409,107,29,0,0
409,121,30,1,1
509,201,1,0,0
509,1,2,0,0
509,139,3,0,0
509,140,4,0,0
509,123,5,0,0
509,84,6,0,0
509,83,7,0,0
509,79,8,0,0
509,141,9,0,0
509,77,10,0,0
509,76,11,0,0
509,75,12,0,0
509,74,13,0,0
509,72,14,0,0
509,71,15,0,0
509,70,16,0,0
509,69,17,0,0
509,68,18,0,0
509,67,19,0,0
509,66,20,0,0
509,65,21,0,0
509,64,22,0,0
509,63,23,0,0
509,62,24,0,0
509,142,25,0,0
509,61,26,0,0
509,60,27,0,0
509,59,28,1,1
609,201,1,0,0
609,1,2,0,0
609,2,3,0,0
609,20,4,0,0
609,21,5,0,0
609,22,6,0,0
609,23,7,0,0
609,24,8,0,0
609,25,9,0,0
609,26,10,0,0
609,27,11,0,0
609,28,12,0,0
609,30,13,0,0
609,31,14,0,0
609,32,15,0,0
609,33,16,0,0
609,34,17,0,0
609,36,18,0,0
609,37,19,0,0
609,39,20,0,0
609,40,21,0,0
609,41,22,0,0
609,42,23,0,0
609,43,24,0,0
609,44,25,0,0
609,45,26,0,0
609,49,27,0,0
609,50,28,0,0
609,51,29,0,0
609,52,30,0,0
609,121,31,1,1
809,200,1,0,0
809,183,2,0,0
809,92,3,0,0
809,184,4,0,0
809,185,5,0,0
809,186,6,0,0
809,14,7,0,0
809,165,8,0,0
809,15,9,0,0
809,16,10,0,0
809,17,11,0,0
809,84,12,0,0
809,83,13,0,0
809,79,14,0,0
809,150,15,0,0
809,151,16,0,0
809,152,17,0,0
809,18,18,0,0
809,19,19,0,0
